16
8 3 2 7 9 16 10 4 14 15 5 13 11 6 1 12
9 4 14 12 2 3 10 13 11 6 8 5 7 15 1 16
1 13 9 8 11 4 16 10 3 15 12 6 7 14 2 5
3 16 4 5 15 11 8 6 1 2 14 10 13 7 9 12
11 14 9 8 6 5 4 15 7 13 1 12 16 2 10 3
1 5 4 15 2 13 9 12 11 16 8 10 3 6 14 7
16 1 10 4 8 5 2 12 14 13 15 3 11 6 7 9
3 16 11 9 8 5 15 7 10 13 14 4 6 2 12 1
12 8 5 13 6 14 7 1 4 2 9 11 16 10 3 15
3 14 4 15 8 12 2 13 11 16 1 5 7 6 10 9
3 12 9 2 16 4 6 5 8 11 10 1 7 15 14 13
7 1 5 15 16 14 13 9 3 10 11 8 12 2 6 4
10 9 8 15 3 6 7 16 11 12 1 2 4 5 14 13
10 16 14 6 3 1 5 13 9 7 11 4 12 8 2 15
10 13 14 11 5 4 2 3 1 15 8 16 12 6 9 7
4 3 15 1 9 5 13 7 12 14 6 8 16 2 11 10
16 11 13 10 7 1 8 4 12 14 15 5 6 9 3 2
10 4 15 14 6 1 7 3 13 9 2 16 8 5 12 11
16 2 4 1 14 6 9 5 10 15 11 8 12 3 13 7
10 12 6 5 14 11 2 13 15 8 16 1 4 9 3 7
9 16 10 8 6 5 1 15 14 12 11 13 4 7 3 2
15 16 4 6 13 3 7 2 14 1 10 5 11 12 8 9
1 3 6 4 10 5 11 12 9 14 15 16 7 2 13 8
13 8 2 4 1 3 7 9 16 10 11 12 15 5 14 6
3 14 6 2 1 7 10 15 11 5 9 16 12 4 8 13
14 3 12 13 15 11 16 2 9 4 6 1 8 7 10 5
8 10 9 5 16 1 7 13 4 12 14 15 3 2 11 6
6 12 5 10 7 14 2 11 4 9 3 15 13 1 16 8
9 11 3 4 7 1 12 13 6 8 14 15 2 5 16 10
9 2 11 7 3 5 15 14 13 6 8 12 1 16 4 10
9 12 16 2 6 7 3 5 8 15 4 11 13 10 14 1
11 9 10 4 3 15 7 16 5 14 1 13 6 8 2 12
