32
15 21 13 31 27 3 10 20 25 1 26 11 24 4 28 6 30 9 12 32 17 7 16 5 14 23 29 2 19 18 8 22
6 21 8 31 13 12 22 16 7 10 11 27 18 4 23 26 32 20 25 14 30 1 24 9 28 5 29 3 19 17 2 15
2 30 15 14 12 32 9 20 5 22 11 29 21 27 6 28 13 1 10 23 18 31 26 24 25 17 4 8 16 3 7 19
21 6 2 24 30 8 26 23 14 7 27 29 4 9 25 28 5 10 17 3 1 15 22 19 31 16 13 12 18 32 20 11
8 9 25 19 23 14 30 6 21 31 2 22 3 13 28 12 29 32 27 16 20 15 24 1 11 26 5 10 18 17 4 7
25 23 2 19 16 31 5 14 9 3 27 7 30 10 13 20 11 17 26 29 32 15 28 12 8 18 22 21 4 1 6 24
2 5 4 27 20 23 28 14 11 9 15 3 22 26 30 13 18 16 21 32 1 24 25 31 17 19 10 6 7 8 29 12
9 26 6 13 1 4 30 25 2 31 12 18 19 27 5 22 20 29 15 11 24 7 17 32 14 16 23 28 3 10 8 21
3 23 2 32 26 29 24 18 15 27 25 7 14 8 19 30 4 16 22 10 11 20 9 31 21 12 5 1 28 13 6 17
1 13 8 4 9 28 19 17 6 29 23 7 10 30 20 5 16 14 25 31 2 27 18 32 3 22 21 11 26 12 24 15
1 25 8 11 10 24 32 3 19 12 29 4 17 18 28 23 5 22 20 15 27 6 21 14 7 13 16 9 31 30 2 26
20 26 10 27 30 18 24 23 29 9 32 12 8 15 5 17 22 7 14 16 4 19 2 3 28 1 11 21 25 13 6 31
20 28 32 24 18 17 11 25 21 6 23 14 26 16 13 8 29 3 10 15 1 7 22 27 31 4 30 9 5 19 12 2
4 31 15 12 16 6 11 25 26 27 13 22 5 2 18 8 21 7 23 14 19 30 32 1 28 24 10 17 9 3 29 20
23 15 4 27 17 18 5 10 13 6 25 21 29 12 30 26 9 31 16 2 1 7 8 28 11 20 3 24 14 32 19 22
6 4 23 3 8 29 11 18 9 19 5 27 12 30 15 7 26 25 32 22 21 24 16 20 1 10 28 17 13 31 14 2
23 30 4 16 17 7 3 13 32 8 20 27 28 21 29 10 18 12 31 1 14 26 2 19 22 25 6 5 11 15 24 9
30 12 14 7 28 17 26 5 9 22 6 4 1 18 16 23 24 29 3 15 31 8 2 25 20 13 10 19 11 27 21 32
21 32 19 5 26 18 15 27 23 30 4 3 16 2 29 8 10 17 9 11 7 13 6 31 14 25 1 12 20 22 24 28
23 5 31 18 19 21 27 10 29 13 22 25 12 9 6 2 8 24 28 3 15 16 32 20 14 4 17 26 30 11 1 7
29 24 14 32 25 5 3 27 30 28 7 1 23 10 26 6 21 20 19 15 16 22 8 18 12 17 4 9 13 2 11 31
8 13 18 16 24 19 1 28 30 15 21 6 2 4 11 10 3 7 29 31 32 27 23 5 17 22 20 26 12 14 25 9
29 32 15 13 23 12 20 14 28 22 10 5 9 19 3 17 8 24 2 26 27 21 16 30 25 18 4 31 11 7 6 1
4 2 21 10 11 14 9 3 13 28 12 17 24 30 31 16 1 8 15 26 22 27 23 29 5 7 19 6 25 20 32 18
18 30 2 14 21 10 32 9 16 3 28 11 24 1 5 22 13 8 6 29 4 19 23 26 27 15 20 12 17 25 7 31
23 32 27 16 25 6 31 7 19 21 30 8 5 1 26 15 9 2 12 20 10 22 3 13 24 29 28 11 4 17 18 14
24 23 19 30 20 27 31 32 12 14 26 18 2 29 28 11 22 17 8 25 4 10 13 6 9 16 15 7 3 1 21 5
2 27 17 4 30 28 1 22 9 19 23 25 21 16 20 8 14 12 31 18 32 5 6 7 11 13 24 3 15 10 29 26
9 13 25 32 21 22 31 16 20 14 27 26 28 5 23 29 10 1 6 11 18 12 24 30 7 8 2 3 15 19 4 17
19 16 32 2 12 1 18 22 28 4 23 30 5 10 8 6 29 20 31 24 9 7 27 26 14 11 15 13 21 25 17 3
32 30 9 17 8 12 29 2 13 22 23 27 14 20 4 26 1 15 19 28 16 31 5 25 6 24 11 18 10 3 21 7
19 13 16 20 24 9 2 18 32 1 28 29 12 14 21 31 22 15 17 5 25 30 8 11 26 23 7 27 3 10 4 6
32 3 29 12 10 8 1 19 24 9 31 7 25 30 16 27 14 22 20 26 11 2 15 21 4 23 28 6 18 17 5 13
10 27 15 24 18 32 6 5 9 23 13 21 29 30 16 2 7 28 14 26 20 1 22 12 19 31 25 8 3 11 4 17
23 19 25 16 15 27 18 2 11 1 20 29 3 5 32 7 10 13 8 9 22 21 6 4 24 31 26 17 30 12 14 28
1 32 20 18 13 28 2 4 6 31 17 30 21 23 7 24 5 16 12 15 3 19 8 9 11 26 27 10 25 29 14 22
13 2 27 1 18 17 15 6 5 8 26 4 14 20 28 23 24 9 7 19 22 11 32 25 10 12 31 21 16 29 3 30
27 25 4 6 30 8 26 10 2 23 12 18 14 21 15 9 22 31 13 3 17 19 20 5 28 24 7 29 11 32 16 1
7 6 22 5 18 19 32 23 25 4 16 2 29 13 14 24 28 30 12 20 26 15 9 17 21 3 11 27 10 8 1 31
6 18 4 13 25 17 20 21 9 3 12 8 5 31 16 2 27 26 11 24 14 29 23 28 19 32 15 22 10 1 7 30
27 16 6 9 12 19 5 18 3 7 20 15 29 4 13 28 30 21 32 1 24 23 17 2 22 8 26 11 14 31 25 10
3 32 8 2 16 23 22 9 30 15 24 26 20 10 31 19 28 5 4 7 25 13 17 29 14 12 6 18 1 11 27 21
1 14 4 8 24 2 32 29 13 27 21 30 12 15 18 7 31 17 9 10 23 19 20 3 5 26 6 16 28 11 22 25
26 27 32 10 22 14 24 29 16 6 23 19 12 2 5 20 31 25 15 13 30 18 28 3 9 8 4 17 1 11 21 7
17 4 7 5 6 25 31 18 9 14 22 27 29 28 23 32 2 8 24 30 16 10 3 15 19 11 12 21 1 13 26 20
14 18 7 27 10 23 9 25 11 8 15 20 29 5 21 22 28 12 4 31 24 2 17 30 13 1 26 19 16 3 6 32
4 20 16 21 14 29 1 18 25 2 30 27 32 7 6 22 10 15 19 28 26 12 3 5 31 13 9 17 23 8 24 11
13 4 20 29 5 2 1 8 27 19 15 3 30 22 23 24 25 11 21 14 17 16 31 6 28 10 12 26 32 18 9 7
28 22 2 20 23 10 25 9 15 8 30 5 16 7 27 3 32 12 14 4 13 6 29 18 24 11 21 19 31 26 17 1
4 8 10 22 21 11 17 31 3 18 13 27 15 30 7 28 2 6 19 24 9 16 25 12 5 32 1 14 20 23 26 29
20 1 21 6 19 23 26 11 18 2 14 29 27 12 8 30 25 5 10 16 4 17 31 22 32 15 13 28 24 9 3 7
11 25 32 22 26 2 19 23 20 13 14 21 31 9 16 10 27 18 12 30 8 29 28 24 17 4 1 5 3 7 6 15
14 12 17 7 30 21 28 26 23 4 10 6 19 13 18 11 15 8 27 25 22 31 1 5 20 3 24 2 32 29 16 9
7 23 15 25 22 8 29 10 30 6 21 26 18 14 20 12 19 24 28 4 9 13 32 1 11 17 31 16 5 27 2 3
14 1 6 25 19 4 32 20 30 9 21 27 7 2 22 26 16 23 29 5 31 13 10 11 15 18 12 3 17 24 8 28
23 9 8 20 18 27 17 14 1 16 2 19 11 10 28 7 5 15 32 3 24 26 6 12 13 25 30 31 22 4 21 29
14 16 18 19 31 17 13 4 27 30 22 23 12 10 29 21 5 11 9 20 2 15 6 3 7 8 28 24 25 1 32 26
12 23 5 6 7 15 29 30 22 4 20 16 9 24 1 10 13 18 27 21 32 28 17 26 25 11 2 19 8 31 3 14
2 12 17 16 18 20 10 13 5 19 22 7 25 27 26 24 31 21 11 30 29 15 3 14 32 6 23 1 28 8 4 9
1 30 31 24 9 19 25 3 32 20 17 6 21 11 2 15 26 5 22 23 14 18 10 27 29 8 13 12 16 28 7 4
22 4 12 28 30 20 19 3 18 23 9 5 17 10 21 26 8 7 13 27 2 24 14 29 11 32 25 15 6 1 31 16
19 18 22 10 24 23 4 15 29 12 3 13 6 9 2 5 27 30 16 25 11 1 8 7 21 32 20 28 14 26 17 31
11 19 32 9 1 26 20 30 16 10 29 27 23 17 28 24 6 31 5 18 2 22 21 13 3 14 8 4 12 7 15 25
3 19 2 15 6 13 17 10 18 30 16 29 21 12 28 11 9 31 22 8 32 1 25 20 23 5 4 26 14 27 7 24
