64
27 5 60 49 18 56 33 42 14 37 21 52 1 46 48 22 35 53 11 23 29 13 41 34 24 64 3 4 40 30 51 39 7 10 38 12 20 25 32 57 16 50 36 2 59 8 26 44 47 62 61 17 43 31 28 63 55 19 9 6 54 15 45 58
55 15 64 14 37 58 5 7 60 40 63 17 43 21 49 12 25 51 45 61 56 41 2 20 33 6 50 53 31 30 13 28 9 3 48 4 57 59 26 52 34 47 35 42 16 27 1 29 23 46 8 32 11 62 24 22 38 44 19 10 39 36 54 18
51 11 56 23 36 59 40 16 12 7 13 54 32 4 41 20 14 2 49 18 34 22 9 55 48 27 10 38 5 37 17 45 29 30 33 47 43 28 26 53 64 39 15 46 52 24 60 42 3 50 6 57 35 44 21 1 63 61 19 62 8 58 25 31
2 26 14 24 18 28 46 30 39 37 41 22 45 48 51 55 38 6 50 29 1 33 20 13 47 23 42 8 64 31 52 21 59 56 63 49 12 35 16 19 17 32 34 36 9 15 61 53 25 7 5 57 27 60 3 11 43 44 62 54 4 58 10 40
56 19 27 34 63 60 3 37 16 1 4 31 22 51 18 26 20 48 21 13 24 64 5 32 30 9 61 8 35 39 52 49 11 17 46 42 10 2 53 14 6 47 38 33 29 28 44 15 62 54 50 7 58 43 41 12 36 45 40 57 55 25 23 59
7 57 18 24 54 22 63 64 8 15 12 32 31 36 33 58 61 37 20 42 2 59 13 41 40 14 9 5 27 1 19 16 11 47 52 26 34 29 10 4 30 28 62 46 23 6 17 55 50 3 48 25 53 44 35 60 56 39 21 43 38 51 45 49
51 40 18 42 48 59 17 22 21 35 50 61 41 7 49 34 62 3 12 13 64 31 28 32 29 52 60 39 14 54 47 23 16 2 56 38 9 11 5 6 63 46 27 36 24 1 58 15 45 20 44 19 37 55 33 26 4 57 53 10 25 8 30 43
7 12 16 58 47 62 8 28 64 13 48 3 38 63 6 56 18 51 4 26 61 33 40 30 27 19 1 53 2 57 23 31 34 20 41 5 44 52 42 39 46 22 36 43 17 49 11 35 9 32 15 45 54 29 55 60 37 24 21 10 14 50 25 59
8 20 64 38 63 57 47 40 33 24 45 4 9 22 58 1 25 60 13 46 23 49 2 6 12 51 61 55 62 31 35 15 28 14 30 16 7 36 44 19 17 11 18 43 34 54 3 41 21 26 48 32 10 42 59 29 52 37 56 5 39 27 53 50
48 61 15 64 33 52 9 8 5 49 32 22 24 2 1 63 19 50 58 46 43 10 59 34 28 45 23 41 27 18 54 4 55 14 40 7 29 17 21 51 25 38 53 16 3 37 31 30 39 57 12 26 44 13 62 42 36 56 20 11 35 6 47 60
35 63 49 4 53 55 46 54 23 22 59 21 25 42 7 5 50 2 64 39 57 48 52 34 51 32 11 47 24 31 9 1 62 18 13 41 58 17 10 27 19 40 44 6 26 30 14 33 3 37 36 43 61 29 12 45 38 15 16 60 28 8 56 20
4 16 7 19 47 35 21 48 24 28 6 22 46 15 31 20 53 1 41 38 37 18 5 29 23 43 56 33 62 57 32 2 39 40 58 30 61 50 52 49 12 14 10 60 17 59 36 11 3 45 51 9 27 13 55 25 42 44 34 26 54 64 8 63
10 57 23 22 27 48 36 43 47 58 37 21 6 17 33 1 29 60 20 4 42 50 54 26 5 24 53 19 12 44 56 30 13 46 59 55 38 15 11 25 2 45 63 40 35 34 64 7 16 18 31 52 9 39 62 32 8 3 41 51 61 14 49 28
61 23 16 18 8 26 29 55 44 52 41 9 10 36 2 47 48 27 32 62 25 63 35 54 4 33 1 58 37 22 43 14 42 57 17 13 50 46 15 40 12 64 28 38 30 24 59 19 60 5 34 39 6 3 11 56 21 7 45 51 20 31 53 49
30 5 8 37 26 17 60 47 55 11 10 9 18 46 45 41 22 34 20 21 4 15 62 6 59 42 27 51 43 19 48 1 7 44 50 16 3 52 54 40 13 64 25 12 39 53 23 32 49 24 14 56 63 35 36 57 61 28 2 29 33 31 58 38
18 52 12 39 21 6 55 34 61 28 35 63 48 42 43 8 51 25 10 15 54 17 53 44 2 37 22 4 9 11 50 64 38 36 31 29 14 27 58 19 40 49 1 7 60 62 59 16 23 33 32 30 3 45 47 57 56 46 13 26 41 24 5 20
51 18 12 11 49 35 42 31 22 6 54 63 10 50 37 13 52 53 28 59 17 19 30 20 62 25 21 1 44 39 57 58 55 60 64 9 33 38 41 40 16 27 14 47 23 45 36 34 8 43 24 5 4 46 7 3 32 48 56 15 2 26 61 29
58 40 60 61 15 19 20 2 62 64 55 5 37 35 50 16 44 11 25 29 24 7 31 4 41 8 52 46 17 56 18 43 28 14 38 36 45 42 13 63 9 22 54 12 57 53 51 10 33 1 49 27 6 21 47 26 3 48 23 30 34 39 32 59
3 24 31 64 44 38 11 47 60 36 2 63 61 32 28 59 14 18 57 52 49 26 13 8 4 25 5 29 43 19 9 46 33 50 30 39 15 23 37 51 58 56 55 54 45 62 20 35 6 40 12 16 17 7 42 22 10 41 1 34 27 48 53 21
21 9 35 37 33 16 36 32 47 61 30 10 48 17 40 15 46 49 23 38 8 43 63 50 57 19 24 5 39 59 2 54 27 6 34 14 44 26 11 28 55 42 53 13 29 58 3 18 56 51 52 31 7 25 45 1 41 62 64 4 20 22 60 12
58 57 50 9 4 14 35 27 46 52 13 26 21 49 24 36 41 15 5 56 45 60 31 30 62 6 23 19 37 20 18 28 42 44 40 8 53 10 11 25 7 51 1 61 29 34 33 32 55 22 2 54 47 12 59 64 16 38 39 43 48 17 63 3
38 61 48 43 36 42 62 53 4 60 18 41 2 31 12 3 13 9 57 58 27 34 11 19 32 1 46 26 37 45 14 21 55 15 39 10 17 50 35 8 28 47 44 33 51 40 20 49 54 64 59 16 7 25 6 22 63 29 24 52 23 56 30 5
23 56 32 27 6 61 64 14 9 29 21 36 48 40 46 52 11 63 58 41 10 49 50 57 22 47 34 2 33 35 53 16 24 60 59 39 44 5 30 3 15 1 19 38 31 54 26 8 51 43 37 12 17 7 20 55 25 45 13 42 18 62 4 28
32 53 35 28 62 58 45 34 15 1 44 51 52 64 60 38 14 9 2 48 10 59 41 47 54 55 30 43 26 46 36 12 42 17 18 5 29 31 23 6 39 27 21 56 22 11 61 8 63 57 16 24 20 37 3 13 50 40 33 4 19 49 7 25
63 42 32 40 46 18 41 25 21 37 62 55 4 31 36 12 24 48 7 34 5 35 44 43 15 22 57 51 49 9 39 58 33 2 17 56 6 47 54 16 27 45 3 29 26 53 10 11 20 61 30 8 60 1 50 19 59 23 64 13 52 38 28 14
14 50 45 23 63 37 33 55 18 28 54 29 27 24 1 22 8 48 58 53 7 15 6 62 12 16 26 31 44 43 60 36 40 2 3 5 19 32 49 21 51 46 52 47 9 39 64 56 17 30 38 61 10 41 13 35 20 42 57 34 25 11 4 59
48 4 60 12 56 9 6 58 31 18 50 45 36 59 49 37 38 64 63 29 27 11 51 14 62 35 47 41 19 34 5 13 22 8 32 1 46 26 17 42 39 52 57 7 23 28 55 40 53 44 25 16 54 2 3 21 30 15 61 33 10 20 43 24
48 52 58 45 19 53 4 13 7 39 11 1 17 24 28 14 37 64 27 35 62 44 26 30 6 33 59 56 36 54 3 21 55 20 40 8 41 51 12 63 38 32 31 22 57 18 60 34 2 50 16 29 49 42 46 5 15 9 47 10 61 25 43 23
56 10 35 18 54 26 34 37 7 19 33 41 6 57 62 24 59 60 50 30 38 23 14 15 5 48 40 8 4 51 44 3 63 2 16 11 27 64 31 61 1 39 20 17 53 52 9 45 47 32 55 58 21 25 43 28 36 46 22 42 12 29 49 13
25 5 23 61 37 43 24 53 21 16 9 51 30 19 35 7 4 40 22 47 46 11 49 34 63 10 15 57 27 1 6 33 44 14 50 13 32 17 55 60 48 64 54 62 39 12 41 59 58 42 31 26 2 38 36 18 29 28 52 56 3 8 45 20
10 15 30 49 61 47 25 2 24 39 43 4 13 26 35 18 60 1 40 54 52 27 51 5 36 3 42 29 45 59 28 11 37 58 6 31 23 32 7 19 50 12 20 16 22 55 46 63 53 56 44 64 21 41 8 34 17 48 57 38 62 9 33 14
62 45 64 60 31 53 8 41 6 7 18 20 52 59 14 39 50 24 23 29 34 36 63 13 22 21 55 28 2 43 11 9 54 57 5 32 19 3 27 48 4 33 49 15 61 44 30 42 40 25 1 46 26 51 37 12 10 58 38 17 16 56 35 47
12 51 56 21 36 47 58 60 55 15 17 26 54 33 45 34 5 25 38 43 19 50 31 42 8 1 44 11 24 29 14 3 32 30 40 57 23 41 6 64 63 2 13 46 27 61 48 37 52 39 20 35 49 10 7 59 28 9 62 53 18 4 16 22
30 52 6 56 62 27 53 49 22 41 28 63 51 19 25 15 44 1 61 54 33 42 46 43 39 47 23 2 58 11 8 14 29 4 64 37 45 12 48 60 20 9 10 55 50 59 38 24 21 13 32 36 3 16 26 17 35 5 7 40 31 34 57 18
19 56 57 33 43 54 44 53 60 22 29 20 21 30 39 11 55 50 61 31 24 37 18 38 26 7 5 35 8 52 23 32 47 45 28 58 14 3 51 27 59 9 25 49 2 63 10 16 41 40 6 4 17 1 13 46 36 34 42 64 62 15 12 48
9 62 38 53 52 22 2 54 44 34 5 35 33 16 45 28 60 59 20 58 25 14 27 29 11 51 50 46 57 6 15 61 26 30 21 43 42 56 55 8 3 49 13 39 1 48 31 24 64 63 32 40 37 10 47 23 17 41 36 4 19 12 7 18
43 24 64 60 23 61 4 27 16 8 38 29 9 10 58 25 46 47 12 1 15 51 53 49 35 18 37 14 50 7 5 48 52 20 30 55 62 63 21 31 3 19 6 13 28 41 54 36 40 57 22 42 33 2 34 26 56 44 17 45 39 11 59 32
7 56 1 9 52 2 14 33 38 27 26 18 46 43 13 51 6 11 44 40 39 36 48 58 5 42 64 59 30 24 49 57 20 32 47 21 19 37 45 62 15 61 60 12 16 25 23 34 54 55 17 53 41 63 50 28 8 31 10 4 35 3 29 22
35 26 54 16 52 64 56 61 47 48 11 2 29 43 17 53 4 24 51 31 45 40 23 10 49 38 12 18 50 15 63 37 5 59 14 41 62 6 8 44 9 1 7 33 30 27 22 34 25 39 42 36 3 32 20 46 55 57 28 58 13 19 21 60
6 37 7 10 39 28 38 9 21 48 32 27 13 16 12 41 44 64 17 46 43 52 18 2 35 5 22 31 4 29 55 11 14 54 59 8 3 33 47 51 56 1 26 36 15 61 19 63 62 49 25 20 45 40 42 30 50 24 23 60 34 53 58 57
57 32 40 1 26 8 44 15 27 4 12 35 58 47 31 18 34 60 61 63 2 37 41 13 22 50 24 48 16 9 53 33 21 51 36 49 28 45 64 10 11 19 56 5 59 17 46 23 20 38 54 3 42 43 14 29 25 6 55 39 7 52 30 62
18 7 21 64 36 44 16 27 2 39 42 60 19 26 37 12 14 52 10 47 30 62 24 29 51 5 61 54 11 58 33 1 40 41 25 59 13 15 57 9 23 17 34 35 3 45 46 22 8 28 63 38 31 4 49 48 50 53 6 43 55 20 32 56
34 51 55 50 56 13 6 59 10 42 36 44 40 22 28 17 53 18 37 23 35 5 1 14 54 15 46 27 12 49 31 25 47 38 62 8 29 21 20 52 43 45 58 32 9 57 64 11 24 39 30 4 26 19 3 48 2 7 41 16 60 61 33 63
22 25 27 3 34 50 19 60 51 43 52 61 26 4 32 7 13 63 46 41 24 45 1 18 37 53 5 30 12 49 8 59 64 44 9 36 40 23 38 56 11 17 28 15 62 35 29 14 31 54 20 58 10 57 21 2 42 6 48 39 47 33 55 16
63 2 47 6 38 21 30 28 1 8 32 29 17 41 52 23 54 60 61 51 22 58 44 57 56 33 15 42 48 36 10 16 40 19 7 53 31 26 20 12 34 24 39 35 64 49 13 27 46 50 43 62 45 59 3 11 37 55 4 25 18 14 5 9
47 56 34 32 49 54 37 45 36 48 44 20 41 58 26 42 2 17 9 8 3 46 50 14 38 53 63 23 25 40 61 7 64 16 13 10 19 22 5 33 24 51 4 31 35 59 55 30 60 62 27 15 21 52 29 12 18 6 11 39 28 57 43 1
9 63 54 51 62 42 39 46 35 13 24 30 53 15 31 61 50 47 34 60 17 27 57 45 19 8 52 23 25 22 59 29 37 44 56 32 36 41 33 4 5 48 14 38 16 18 1 10 49 21 12 28 3 40 7 64 43 55 26 20 6 58 11 2
37 32 61 51 44 40 47 60 2 17 54 24 18 58 29 52 11 1 4 49 63 57 5 3 28 39 31 22 64 16 56 53 23 48 30 45 35 46 36 10 43 42 21 12 20 26 14 38 7 13 33 62 55 41 15 19 6 25 8 50 59 9 27 34
53 50 41 16 35 42 15 21 51 22 39 11 60 2 31 52 59 57 26 49 62 34 19 32 29 56 10 58 18 13 48 37 46 17 27 47 54 7 45 30 33 14 38 8 6 3 40 55 1 43 36 63 12 9 24 4 25 23 61 28 20 64 5 44
38 18 20 9 35 26 58 53 12 57 4 55 10 47 46 16 5 43 42 52 33 11 41 50 28 44 63 51 1 7 60 49 3 6 29 8 61 19 48 23 56 37 22 21 31 27 2 15 59 36 64 25 13 14 32 24 17 40 39 45 54 34 62 30
64 15 43 29 21 6 4 34 55 50 25 61 16 23 9 26 48 41 1 47 10 46 51 38 33 2 3 11 39 49 35 53 45 20 28 22 17 27 54 42 36 18 37 31 57 58 8 62 52 60 24 5 40 56 19 63 14 32 7 13 12 59 30 44
58 48 45 12 4 52 36 28 38 43 47 21 7 57 37 3 53 25 49 1 23 22 30 39 44 27 14 10 61 24 18 64 19 59 63 62 55 9 20 2 26 34 31 11 15 6 51 35 16 42 46 33 32 40 17 13 60 29 56 5 54 8 50 41
58 21 37 51 28 45 33 42 2 59 49 5 19 17 34 7 30 62 57 16 22 4 55 50 35 31 29 46 11 63 20 14 47 41 44 43 36 64 9 54 10 13 39 8 3 48 25 12 60 18 15 23 26 61 52 27 40 24 56 38 32 6 53 1
16 38 52 28 39 34 1 48 11 35 55 50 49 60 29 21 31 41 27 12 3 18 4 43 63 64 14 6 15 2 26 36 56 54 53 7 13 40 46 57 20 58 62 25 19 24 61 22 47 8 5 30 33 51 9 17 45 10 59 23 37 32 44 42
24 5 16 56 36 38 58 6 49 10 51 61 17 25 64 33 22 29 4 35 3 15 44 23 60 34 12 53 30 45 32 9 42 2 1 41 20 52 63 62 28 40 31 39 54 43 57 14 7 59 26 11 13 37 19 55 8 46 50 18 27 47 48 21
20 3 9 53 13 14 44 17 21 23 7 58 47 33 25 18 61 11 29 4 60 46 2 59 22 39 38 19 15 52 6 41 56 35 51 42 31 48 16 28 24 49 27 32 5 50 55 36 10 57 64 12 54 30 1 26 43 62 45 63 40 34 8 37
56 19 26 46 45 28 43 58 30 37 44 35 1 52 22 36 57 23 59 29 12 17 34 49 32 31 33 21 13 53 64 62 42 15 8 54 18 14 38 27 48 61 41 60 55 40 10 5 51 7 24 63 50 16 3 4 2 39 47 11 25 9 20 6
18 4 51 62 30 19 35 63 46 13 25 20 15 9 41 33 22 61 24 8 29 36 53 21 38 60 47 40 45 10 7 54 28 48 14 5 49 2 17 52 39 42 56 27 57 12 64 58 16 37 59 1 23 3 50 26 31 55 32 44 34 43 11 6
41 24 49 25 30 19 20 21 29 62 36 3 48 53 7 13 38 34 37 40 15 31 61 6 46 12 63 4 51 44 10 17 58 64 47 28 60 54 43 55 33 32 22 27 26 9 42 50 52 2 59 16 35 57 45 39 14 18 5 8 56 23 1 11
45 50 30 10 56 57 15 51 7 47 4 43 63 9 8 20 34 2 35 54 49 46 52 27 48 21 33 62 29 22 14 11 36 60 53 37 3 16 31 55 13 64 17 18 23 19 5 38 28 6 58 39 59 26 32 42 44 61 24 41 40 12 1 25
56 15 1 6 27 21 37 9 45 55 11 19 7 31 50 18 60 30 17 62 35 54 42 26 57 59 41 47 51 58 64 23 20 63 24 40 46 8 33 12 5 29 28 44 2 32 10 53 36 4 61 52 34 43 14 16 39 25 38 49 48 22 3 13
8 7 12 44 50 9 33 1 63 31 40 11 18 5 21 41 56 16 29 42 38 60 6 61 32 25 19 39 51 20 43 54 13 27 17 30 55 3 46 58 4 24 36 64 35 52 22 47 62 57 14 28 59 49 53 26 48 10 15 2 34 37 23 45
34 56 10 24 7 49 3 23 1 64 43 16 53 8 32 19 21 20 5 29 57 2 50 11 48 17 63 30 55 45 58 22 39 27 4 33 14 37 35 44 12 60 28 62 47 13 36 25 6 26 54 41 15 61 31 9 59 51 18 46 52 38 40 42
13 34 39 31 64 11 55 32 15 43 19 58 56 46 62 25 60 4 54 50 30 8 27 41 53 1 42 35 5 22 9 18 40 47 14 44 26 61 20 28 7 12 38 36 33 59 63 48 21 16 23 24 6 2 29 37 45 49 52 57 17 51 10 3
63 51 50 23 45 48 30 34 35 38 39 14 62 8 21 5 26 64 20 58 44 55 59 9 57 12 52 29 43 16 15 33 6 60 46 13 28 4 17 3 40 53 54 31 25 32 7 2 27 22 10 56 18 42 19 36 11 61 1 24 41 47 37 49
55 22 61 42 60 30 52 56 36 21 50 54 31 39 32 35 44 10 5 48 59 34 64 53 23 27 33 41 38 3 1 43 26 7 16 63 2 47 40 29 19 6 51 20 8 62 37 12 11 4 58 45 17 9 57 13 46 24 49 18 14 28 25 15
42 58 43 53 22 55 31 30 46 3 49 23 47 17 12 10 50 39 8 44 1 52 26 40 61 35 63 25 62 9 57 41 59 2 18 48 54 51 16 38 14 34 13 60 24 56 6 5 20 32 27 29 19 4 21 45 28 7 33 37 64 36 15 11
28 26 59 37 29 60 56 36 4 11 14 63 1 46 53 52 62 3 43 54 17 12 33 25 55 24 8 61 5 50 23 10 45 19 18 47 2 48 44 34 41 27 58 32 20 42 57 49 40 35 30 38 39 7 13 51 9 15 64 6 21 16 31 22
35 39 40 42 2 53 46 59 25 9 38 12 36 61 43 15 1 5 45 26 52 18 50 37 27 57 54 58 63 13 4 47 29 32 51 21 44 6 33 55 56 30 14 34 17 24 10 23 7 49 41 28 11 20 19 22 8 3 31 64 60 48 16 62
13 6 14 15 56 10 59 32 41 4 39 36 16 22 5 26 44 49 25 54 57 33 34 3 23 12 40 42 35 29 27 47 9 61 7 48 45 11 2 62 30 28 46 38 8 52 50 53 60 55 43 1 24 31 21 18 64 37 17 63 51 19 58 20
36 14 33 10 49 8 21 41 58 35 16 3 57 22 29 63 24 19 12 48 40 62 44 61 56 34 5 11 42 13 17 26 25 7 45 15 53 6 30 60 50 39 47 52 20 4 9 46 27 59 31 51 37 64 43 54 18 2 1 28 23 32 38 55
38 53 41 42 2 23 47 1 6 36 24 16 30 55 29 3 48 4 40 63 35 25 22 33 39 43 57 61 15 14 52 10 18 13 64 8 56 60 44 37 59 5 11 50 54 9 7 46 62 26 12 31 51 19 32 21 58 45 34 27 49 28 17 20
44 63 26 34 60 2 61 62 56 51 17 21 13 30 49 46 55 6 5 47 52 16 3 38 19 36 37 24 42 64 50 32 23 33 53 11 40 8 14 4 41 57 22 59 25 58 54 7 35 43 48 9 20 1 12 29 27 45 39 15 31 28 10 18
50 59 42 64 11 16 25 28 36 4 15 58 34 30 17 43 52 49 5 3 6 47 24 29 35 62 57 33 26 46 61 19 14 44 21 18 2 27 60 51 7 63 8 39 12 32 54 41 1 37 22 55 56 9 45 10 53 40 13 31 23 20 48 38
3 16 4 2 24 52 19 23 22 58 62 33 57 18 30 27 13 11 31 34 39 26 63 47 28 50 40 64 44 48 14 43 51 35 56 1 49 41 54 8 25 36 53 55 17 61 59 60 5 32 9 45 6 38 12 46 20 37 15 10 21 42 29 7
54 6 12 43 62 32 52 50 7 4 11 64 10 51 13 41 53 33 63 59 15 14 39 26 8 60 36 40 20 47 9 2 31 23 5 17 58 29 55 46 44 45 42 24 34 22 21 25 57 48 56 37 30 19 38 18 3 1 61 28 16 49 27 35
28 17 62 46 35 13 42 14 8 27 20 1 29 57 43 12 47 36 11 45 59 4 48 34 40 30 19 18 55 6 54 39 37 33 7 25 58 24 51 61 50 41 38 2 9 56 23 22 26 5 64 53 49 21 52 10 60 44 3 63 31 16 32 15
22 31 23 41 18 37 35 54 60 12 47 10 62 55 20 52 58 13 45 33 28 14 42 50 16 40 64 56 24 51 9 49 34 38 59 15 43 4 6 29 46 39 7 44 32 17 61 5 21 3 25 36 27 11 19 1 26 30 8 2 57 48 53 63
7 59 2 22 33 63 53 61 50 23 15 34 43 8 3 64 13 32 36 57 5 49 45 21 24 30 39 47 35 55 11 12 38 31 14 29 58 60 48 37 27 46 56 10 19 62 52 44 6 28 54 42 26 25 4 9 17 40 51 16 1 18 20 41
4 18 55 29 38 41 33 46 58 31 30 62 3 56 8 48 54 19 2 9 32 26 20 14 17 60 43 45 6 61 64 28 51 52 24 27 1 40 53 49 35 13 50 63 16 22 7 57 37 23 15 39 36 5 21 12 34 42 11 47 25 44 10 59
15 57 5 44 2 22 33 20 31 60 41 55 45 53 11 47 42 50 54 36 62 46 10 32 25 16 18 13 52 4 58 26 27 64 17 23 35 21 48 28 51 3 40 30 12 6 43 59 39 61 49 29 9 37 63 14 7 1 56 8 38 34 19 24
63 6 19 18 21 58 53 47 3 12 13 59 45 16 33 62 54 52 14 27 51 44 55 49 36 17 56 25 10 20 26 22 30 38 31 15 24 34 29 5 40 7 2 50 42 43 46 39 37 4 8 28 23 9 32 57 1 41 60 64 35 61 48 11
37 42 29 19 52 20 28 2 8 55 49 63 12 50 64 54 17 43 22 44 33 13 25 32 1 38 53 26 3 16 51 57 4 48 11 61 7 35 36 14 45 27 31 39 18 24 5 59 34 9 6 46 15 58 56 10 40 47 62 23 30 60 41 21
27 1 18 16 8 42 61 62 25 35 55 47 33 40 28 11 64 44 56 36 43 46 13 6 26 57 53 29 15 59 4 41 37 22 2 34 60 31 21 17 24 38 54 23 14 32 49 51 63 3 10 58 9 20 7 45 5 39 19 48 30 50 52 12
54 14 62 38 16 55 47 22 13 34 32 15 49 57 27 23 20 64 48 18 25 58 59 7 60 44 21 39 30 8 11 5 4 46 43 41 36 40 37 42 56 53 33 1 28 51 6 10 61 24 35 63 17 2 31 3 45 9 12 19 52 26 29 50
29 41 36 2 52 11 15 20 51 62 26 43 4 39 23 35 45 25 22 57 33 9 54 49 63 27 50 16 5 58 53 48 42 21 46 1 14 60 3 32 28 31 64 8 56 38 12 19 10 44 40 6 59 37 47 34 24 18 7 55 13 17 61 30
17 27 16 8 21 33 59 54 3 5 40 34 28 7 49 58 37 30 32 63 18 47 35 48 60 43 36 51 12 23 24 10 26 44 15 56 2 52 50 11 42 62 53 1 25 9 4 29 39 55 6 46 41 19 22 20 64 14 13 57 38 45 31 61
40 5 29 12 27 44 33 15 7 20 35 47 23 25 52 45 48 19 22 56 37 26 50 51 13 6 31 9 54 62 59 16 3 4 61 21 11 39 28 46 58 49 55 64 41 36 10 30 8 1 42 24 60 34 2 53 17 63 43 38 14 57 32 18
15 40 54 45 24 48 28 41 12 10 21 13 37 11 42 25 57 29 16 19 14 56 39 32 30 8 9 50 20 55 6 53 59 34 31 51 35 49 62 47 2 27 43 7 46 64 18 23 52 22 44 38 63 3 36 5 61 58 4 17 26 1 60 33
45 22 29 63 7 44 43 20 49 38 16 64 35 57 1 18 9 36 60 55 52 54 33 30 8 26 5 40 6 56 12 28 34 42 37 58 19 51 2 32 17 10 11 62 59 39 50 47 48 53 31 46 27 3 61 4 13 21 25 15 23 14 24 41
52 56 40 29 49 62 28 25 14 39 38 45 7 54 44 19 24 2 17 33 42 16 57 36 8 59 63 53 10 43 30 46 22 60 32 12 47 27 34 51 35 18 55 11 3 23 26 41 50 9 4 37 20 6 15 31 48 61 13 21 58 64 5 1
40 60 53 12 59 34 37 51 61 18 45 3 28 6 21 27 44 36 8 42 5 50 2 63 4 56 47 19 38 49 14 46 11 26 10 52 20 55 1 30 31 57 9 23 33 35 17 64 24 22 15 29 16 32 48 43 39 7 13 58 62 25 54 41
55 56 63 50 22 11 25 27 59 38 19 8 32 62 24 29 5 4 10 34 49 44 47 3 46 58 61 9 1 13 43 36 2 12 26 16 53 7 51 41 6 64 28 54 35 30 20 21 14 31 17 52 40 57 60 39 15 33 45 23 18 37 42 48
10 56 50 46 48 1 52 19 30 38 29 41 44 26 3 57 6 59 12 39 36 28 11 62 33 15 49 37 4 43 22 13 27 35 40 31 45 8 9 21 42 60 18 64 5 53 2 14 34 16 24 54 25 63 32 55 7 20 58 61 47 51 23 17
35 50 13 53 5 61 33 14 1 54 49 63 11 28 6 20 17 23 7 25 46 9 51 52 47 18 26 22 42 19 57 43 27 10 16 58 41 31 59 37 8 39 2 34 32 36 55 21 12 29 48 3 30 56 24 40 38 4 62 60 64 15 44 45
41 56 34 38 27 16 25 8 21 55 58 13 57 35 18 48 51 6 17 7 3 49 63 15 11 29 5 52 26 42 33 59 47 24 40 1 39 43 14 36 46 2 9 60 19 61 30 62 45 4 44 54 10 37 28 23 20 32 31 22 50 53 64 12
30 11 17 2 37 22 34 49 26 23 9 19 27 16 61 36 5 58 14 29 33 41 39 31 43 56 47 38 55 21 42 3 59 28 60 20 45 53 35 1 50 62 18 52 44 46 51 6 7 10 25 54 13 15 12 63 64 8 40 57 48 4 24 32
6 62 20 37 30 9 18 21 53 56 41 29 27 15 54 5 31 55 58 10 51 25 57 50 23 1 59 39 14 44 17 48 32 3 38 52 49 47 16 40 7 43 22 61 63 60 26 24 45 33 36 34 2 42 64 46 28 19 12 35 11 8 13 4
53 17 60 49 46 7 33 34 15 39 45 55 61 28 22 20 44 14 5 58 21 35 48 41 24 47 2 40 51 1 54 30 9 31 27 29 52 64 18 4 62 26 32 13 23 10 36 42 43 8 50 11 16 3 63 6 12 38 37 57 19 56 59 25
54 50 36 49 17 9 35 8 34 61 13 23 45 22 55 58 14 28 57 63 18 47 39 10 11 33 40 48 6 43 52 32 20 37 29 27 21 56 24 4 16 44 5 38 59 62 1 41 51 53 12 26 60 2 46 31 3 42 15 7 19 30 25 64
57 43 50 37 46 8 2 36 23 52 51 18 45 35 29 33 64 13 60 17 6 53 49 3 47 11 63 48 15 28 41 1 40 27 54 9 10 19 62 4 24 16 12 20 58 25 32 7 61 14 55 34 31 22 26 30 38 39 59 5 44 21 56 42
17 7 30 60 19 53 39 29 31 54 34 42 46 44 24 18 33 11 8 27 21 5 16 12 9 58 10 20 15 45 47 40 59 38 50 61 51 43 64 3 63 13 2 55 26 1 41 6 52 4 25 22 32 37 62 48 23 35 28 57 36 14 56 49
29 53 28 45 5 25 40 64 42 49 23 54 46 51 59 48 34 30 15 13 39 57 32 31 52 10 47 60 20 12 38 26 24 11 61 21 44 33 36 18 9 27 63 22 1 35 50 55 6 14 41 7 62 58 2 3 43 56 37 17 4 19 16 8
27 1 54 44 9 28 10 17 21 13 45 5 14 46 29 43 16 59 53 48 63 19 11 35 36 8 60 39 23 3 7 34 51 41 25 26 55 20 64 52 33 15 62 38 58 6 37 30 47 50 61 40 42 56 12 22 31 57 32 24 49 4 2 18
15 45 31 16 14 53 41 42 60 8 59 19 29 38 22 17 55 48 33 49 52 61 54 64 43 25 47 63 4 58 57 23 11 2 26 40 37 21 50 20 30 13 34 24 5 1 46 27 9 18 36 32 6 56 12 28 39 44 62 7 10 3 35 51
62 25 55 21 54 16 10 19 53 35 11 13 24 30 63 49 4 59 42 18 58 17 43 48 29 27 44 52 51 64 47 50 34 20 14 56 2 39 6 36 26 5 31 38 22 9 23 57 33 41 12 40 1 3 60 15 37 28 45 46 8 7 32 61
64 29 56 43 5 28 12 27 59 42 16 46 1 57 15 36 39 62 9 52 48 8 7 60 25 41 54 49 32 20 3 13 51 50 34 11 18 53 22 19 55 30 44 58 14 4 47 21 40 63 2 37 26 45 38 17 10 6 23 35 61 24 31 33
3 42 62 9 51 12 36 19 24 30 55 57 21 2 39 25 17 16 38 14 27 58 53 35 50 22 33 56 45 41 37 15 1 48 28 34 46 43 32 7 63 20 5 26 13 40 49 11 23 60 59 4 54 10 8 64 6 29 47 18 61 52 44 31
8 52 55 41 6 9 57 34 17 51 43 45 7 32 64 5 15 31 12 50 62 38 48 47 29 42 26 1 54 53 36 40 63 19 24 11 58 61 2 27 39 20 30 46 4 33 23 3 44 10 28 25 35 21 13 16 37 22 14 60 56 18 59 49
57 7 12 51 46 27 35 44 59 26 50 38 10 37 2 29 18 41 25 48 13 54 64 23 21 20 15 24 31 56 61 63 58 43 45 30 34 1 16 9 55 53 8 42 39 49 3 5 11 40 52 4 60 19 22 17 32 14 33 36 6 28 47 62
35 43 33 31 30 55 40 62 34 1 48 19 11 21 20 61 7 47 8 38 39 17 26 64 58 23 3 59 37 15 53 14 13 50 25 18 27 24 51 9 2 29 10 41 46 5 42 22 36 6 44 16 32 52 63 45 54 60 49 28 12 56 57 4
5 23 64 1 29 61 40 30 7 50 14 24 10 45 13 12 62 25 33 19 26 36 18 17 2 32 42 27 9 35 60 21 20 38 57 51 58 28 8 63 11 55 59 16 56 48 47 15 3 22 41 37 6 52 34 44 53 4 31 46 54 49 39 43
32 25 61 63 45 1 57 7 24 40 53 55 44 47 60 17 20 42 15 6 3 30 13 10 49 22 54 37 27 41 29 21 28 58 19 5 31 34 64 11 23 50 52 9 43 35 8 36 14 62 59 46 33 4 26 51 38 56 39 12 48 2 18 16
35 23 46 26 55 25 6 57 27 40 12 56 1 34 7 53 5 61 50 24 44 38 10 33 36 9 47 11 21 28 30 51 31 16 45 52 19 22 17 59 2 64 37 13 54 32 3 14 20 29 18 8 60 49 58 43 4 63 62 41 42 39 15 48
15 21 1 20 8 38 55 22 61 64 43 34 25 39 31 50 41 16 37 56 7 49 40 57 10 11 29 6 54 23 26 12 46 4 59 18 32 47 13 44 53 63 48 51 42 19 3 58 45 27 28 5 9 62 52 35 14 17 30 36 24 2 33 60
6 53 22 30 50 56 34 36 10 61 16 31 2 40 8 4 38 12 25 32 24 41 64 26 18 44 7 48 35 52 60 43 59 57 47 27 13 14 5 9 17 29 1 21 28 54 62 63 11 37 49 19 58 55 45 33 51 23 42 15 20 3 46 39
30 10 41 9 15 60 51 14 59 4 13 31 48 3 8 36 11 46 18 25 20 45 43 34 35 1 23 33 50 54 32 28 39 17 62 55 52 16 61 21 37 6 63 44 2 26 29 64 56 47 19 22 7 58 53 57 38 27 24 12 49 42 40 5
32 22 39 2 31 57 37 20 62 5 59 61 43 15 6 4 12 30 56 63 58 41 17 34 1 64 10 16 49 51 48 11 50 35 38 18 53 44 54 28 19 8 45 40 27 36 13 46 52 55 7 23 21 33 60 14 47 26 9 3 25 24 29 42
5 3 49 16 31 4 52 30 12 47 8 25 13 2 27 53 21 59 41 51 11 38 61 22 37 33 1 39 28 18 32 19 63 55 45 58 34 62 57 54 23 44 17 24 46 6 48 36 15 29 60 35 42 7 56 50 14 26 20 40 64 43 10 9
63 43 13 60 7 42 35 29 41 57 15 50 10 26 30 27 34 22 53 28 49 1 14 23 20 44 52 8 36 58 21 24 19 39 31 5 48 56 25 55 47 32 16 51 11 59 4 40 61 12 64 2 38 45 33 9 62 46 6 17 37 18 3 54
13 25 7 57 38 27 4 1 20 24 14 58 40 56 62 50 53 5 44 11 36 28 2 48 9 39 55 21 64 16 18 19 33 61 45 52 10 49 59 63 30 15 22 6 47 35 51 54 3 29 34 17 8 37 46 12 60 42 26 41 23 31 43 32
26 49 35 34 39 45 57 10 25 23 17 2 55 32 12 44 18 40 50 11 24 33 37 19 64 1 47 54 28 46 9 13 48 61 51 41 38 58 3 59 22 36 7 52 8 14 56 29 15 62 16 5 6 31 4 53 43 30 20 42 27 63 60 21
25 15 47 9 49 51 17 31 57 33 41 4 12 13 1 8 60 34 54 55 7 22 64 36 44 61 26 30 39 53 58 46 27 14 2 19 37 3 50 32 16 35 24 23 56 28 6 43 29 45 20 21 63 5 62 38 52 59 18 48 10 11 40 42
1 13 14 43 61 34 26 55 15 62 9 36 12 49 10 48 2 40 31 50 53 25 44 7 37 51 45 11 64 59 52 22 54 16 28 32 56 35 39 23 27 18 3 21 46 6 58 19 42 24 47 57 5 17 30 8 4 41 63 33 20 38 29 60
1 49 25 11 64 53 20 14 5 27 31 23 48 35 10 9 39 41 44 12 58 19 37 30 29 4 16 40 36 28 57 7 26 43 24 2 15 42 32 54 34 21 45 38 51 3 18 46 55 63 13 33 56 17 59 61 6 60 52 22 62 50 47 8
13 58 46 15 30 63 50 27 43 8 3 51 25 9 61 22 5 17 38 39 1 41 53 56 29 7 60 26 42 11 36 62 34 57 45 32 20 54 55 49 35 18 14 48 47 24 31 6 19 16 2 28 12 21 33 23 37 40 52 44 4 64 59 10
43 63 24 56 25 15 16 60 19 55 30 50 7 35 53 26 18 57 8 9 3 59 14 54 2 51 6 42 36 13 58 22 4 23 34 44 32 11 49 1 62 37 29 39 27 48 46 45 33 28 61 40 17 12 64 10 41 52 38 31 5 47 20 21
50 44 17 21 36 6 48 28 45 24 41 60 13 22 30 46 9 26 37 40 12 4 10 38 53 16 25 1 2 57 5 23 11 14 47 51 61 34 33 7 8 32 20 31 52 62 39 43 18 27 58 59 64 55 29 42 35 19 49 54 56 15 3 63
